685668 885687 405895
495513 661678 310391
622368 867320 377424
628247 850094 383229
584671 789393 375915
603495 817949 377642
577840 781956 377904
560074 749845 379209
585228 788949 377416
578428 763038 372999
550364 748823 329535
523398 700973 299333
642578 883025 380987
579629 775112 378318
828451 1215436 579141
603280 804434 375002
637424 857089 376308
584316 792580 379919
606905 828252 379171
580811 776761 374056
629205 839071 376291
573537 779259 380789
592177 796321 379814
563765 761823 364927
542122 725841 377623
530864 713390 375790
544955 738297 381641
522544 713274 320346
632192 857696 375415
590465 797506 373821
557199 753527 380497
598585 821169 379384
637536 883447 375267
575986 794326 380066
566196 766913 375906
616181 836600 377131
621131 846265 379783
573050 784002 377807
560011 774943 379182
612191 829405 376255
599829 838651 376667
583770 795841 376313
575524 781795 377797
572984 794762 379060
594820 812042 380067
627295 859323 377263
639369 884232 378895
605847 881557 373163
617324 870568 378114
588238 820542 378924
589930 810091 379300
613069 832453 376555
586364 799691 377988
616993 855246 379535
621884 872369 373722
623475 886078 377517
625204 873380 377345
627133 870261 380584
621255 883848 375438
615710 848088 376605
608235 843235 378203
613752 855525 375934
628840 871452 376053
595439 833451 377265
607424 860718 373100
596078 830871 377575
604885 864439 374579
591269 866242 372549
590752 846893 374962
596211 861807 374551
562082 828591 360904
565425 843345 374786
577813 843938 371766
582220 852930 373406
611101 875182 375534
595603 849712 376447
590218 848732 373937
568605 836739 372965
561376 828548 372900
577794 844851 374285
583487 858767 372637
592121 869848 373264
594846 843361 375114
621776 872720 386120
597689 850223 374817
600429 847539 376327
603061 862854 373120
589692 824317 375255
608706 866320 377837
627211 886752 401584
599736 834738 375879
594663 825697 378131
611567 846481 378530
597143 853707 376872
601455 865707 374436
587404 848978 371771
593240 860771 371690
595782 863414 375300
579980 819589 376546
596433 854299 371800
579405 844335 368288
494308 747412 325032
567684 836767 373159
554743 817465 371415
565306 837083 371425
600862 869903 374199
611411 854764 373178
552424 749006 370604
591413 804732 378326
590221 827702 374533
598772 828354 376463
597501 834323 377732
581939 811257 379407
619022 869833 378357
605950 837844 380566
605087 841090 377578
592242 863207 372729
610788 865962 377902
558407 780955 324864
837901 993086 411112
585685 747346 350473
527465 715107 377831
594709 816268 382500
619866 878095 369239
552295 748976 378426
535634 724307 375039
547235 753356 400782
582101 786234 374827
635900 877341 377291
608264 858095 373913
597686 830659 377825
558445 772027 377675
661078 860534 394917
614766 870065 377179
614902 883587 372761
622306 867549 377308
611499 857904 377171
602900 852623 375573
582156 808629 377161
620002 862575 371426
593153 841181 373538
605090 875174 373603
599951 848136 376413
595611 851986 375418
587680 829348 378457
598071 842390 376296
608937 852385 377378
592276 855637 375934
600167 858650 377367
595584 834072 377006
586002 823307 375093
588685 826400 374610
600582 851029 377250
592651 825021 378515
599173 841611 378625
586139 822075 377169
598630 853307 373750
582101 835089 374249
563371 828383 372119
559728 821638 370960
553332 820108 370999
572610 827583 371304
575958 825898 371824
576400 824822 373095
591078 854595 371178
553221 815360 371209
577994 835664 372564
565711 812296 355977
599924 849078 373136
585079 833684 371656
599766 840898 376373
600146 814587 378829
610441 802675 378126
587697 798698 375158
608089 811721 380134
603655 808235 379272
538472 718607 326436
529665 719933 337097
581805 805737 368614
625856 877747 378189
600732 850744 375512
619823 872938 376388
580610 806095 378966
570863 785935 378919
606415 861199 379024
593537 850264 375677
578337 849479 372231
573967 843005 375626
574835 836811 374989
591260 844577 376368
585224 842211 376675
595558 841653 375319
618232 872681 377076
606523 853562 377308
578460 799436 359278
596102 834571 380313
570845 792724 379003
580031 794948 377095
587425 817146 374762
680987 880986 422857
594731 822265 381957
598174 830241 379710
621832 847081 378136
620703 866425 380431
606489 862517 377576
561796 798785 381899
563300 780599 381586
591803 828792 381254
593416 853529 376087
584297 853971 373513
607275 855840 376861
571230 832601 378237
581256 828948 377772
592190 845793 376343
